2

(-0.467100, 0.337683)
(-0.428800, 0.390133)
(-0.385700, 0.439783)
(-0.338400, 0.485733)
(-0.287500, 0.527083)
(-0.233600, 0.562933)
(-0.177300, 0.592383)
(-0.119200, 0.614533)
(-0.059900, 0.628483)
(0.000000, 0.633333)

3

(0.059900, 0.628483)
(0.119200, 0.614533)
(0.177300, 0.592383)
(0.233600, 0.562933)
(0.287500, 0.527083)
(0.338400, 0.485733)
(0.385700, 0.439783)
(0.428800, 0.390133)
(0.467100, 0.337683)
(0.500000, 0.283333)



(0.527000, 0.228133)
(0.548000, 0.173733)
(0.563000, 0.121933)
(0.572000, 0.074533)
(0.575000, 0.033333)
(0.572000, 0.000133)
(0.563000, -0.023267)
(0.548000, -0.035067)
(0.527000, -0.033467)
(0.500000, -0.016667)

(0.467200, 0.016233)
(0.429600, 0.062533)
(0.388400, 0.118633)
(0.344800, 0.180933)
(0.300000, 0.245833)
(0.255200, 0.309733)
(0.211600, 0.369033)
(0.170400, 0.420133)
(0.132800, 0.459433)
(0.100000, 0.483333)
(0.073067, 0.489450)

(0.052533, 0.480267)
(0.038800, 0.459483)
(0.032267, 0.430800)
(0.033333, 0.397917)
(0.042400, 0.364533)
(0.059867, 0.334350)
(0.086133, 0.311067)
(0.121600, 0.298383)
(0.166667, 0.300000)
(0.221333, 0.318533)

(0.284000, 0.352267)
(0.352667, 0.398400)
(0.425333, 0.454133)
(0.500000, 0.516667)
(0.574667, 0.583200)
(0.647333, 0.650933)
(0.716000, 0.717067)
(0.778667, 0.778800)
(0.833333, 0.833333)
